{
  "global": 0.04448745772242546,
  "monitor_svc": 0.07240703701972961,
  "sysadmin": 0.032237064093351364,
  "root": 0.007535621523857117,
  "john.smith": 0.03262997418642044,
  "webadmin": 0.027271943166851997,
  "deploy_svc": 0.025282682850956917,
  "raj.kumar": 0.04075731337070465,
  "bob.jones": 0.024042006582021713,
  "dbadmin": 0.02347845397889614,
  "dev02": 0.04301442950963974,
  "alice.chen": 0.029041018337011337,
  "dev01": 0.026456864550709724,
  "priya.sharma": 0.037307582795619965,
  "amit.patel": 0.02331714518368244,
  "jane.doe": 0.031280238181352615
}